L: 4
M: 8
N: 8
Q0000-Q0031: 11111111 11111111 11111111 11111111
Q0032-Q0063: 11111111 11111111 11111111 11111111
Q0064-Q0095: 11111111 11111111 11111111 11111111
Q0096-Q0127: 11111111 11111111 11111111 11111111
Q0128-Q0159: 11111111 11111111 11111111 11111111
Q0160-Q0191: 11111111 11111111 11111111 11111111
Q0192-Q0223: 11111111 11111111 11111111 11111111
Q0224-Q0255: 11111111 11111111 11111111 11111111
Q0256-Q0287: 11111111 11111111 11111111 11111111
Q0288-Q0319: 11111111 11111111 11111111 11111111
Q0320-Q0351: 11111111 11111111 11111111 11111111
Q0352-Q0383: 11111111 11111111 11111111 11111111
Q0384-Q0415: 11111111 11111111 11111111 11111111
Q0416-Q0447: 11111111 11111111 11111111 11111111
Q0448-Q0479: 11111111 11111111 11111111 11111111
Q0480-Q0511: 11111111 11111111 11111111 11111111
C0000-C0031: 11111111 11111111 11111111 11111111
C0032-C0063: 11111111 11111111 11111111 11111111
C0064-C0095: 11111111 11111111 11111111 11111111
C0096-C0127: 11111111 11111111 11111111 11111111
C0128-C0159: 11111111 11111111 11111111 11111111
C0160-C0191: 11111111 11111111 11111111 11111111
C0192-C0223: 11111111 11111111 11111111 11111111
C0224-C0255: 11111111 11111111 11111111 11111111
C0256-C0287: 11111111 11111111 11111111 11111111
C0288-C0319: 11111111 11111111 11111111 11111111
C0320-C0351: 11111111 11111111 11111111 11111111
C0352-C0383: 11111111 11111111 11111111 11111111
C0384-C0415: 11111111 11111111 11111111 11111111
C0416-C0447: 11111111 11111111 11111111 11111111
C0448-C0479: 11111111 11111111 11111111 11111111
C0480-C0511: 11111111 11111111 11111111 11111111
C0512-C0543: 11111111 11111111 11111111 11111111
C0544-C0575: 11111111 11111111 11111111 11111111
C0576-C0607: 11111111 11111111 11111111 11111111
C0608-C0639: 11111111 11111111 11111111 11111111
C0640-C0671: 11111111 11111111 11111111 11111111
C0672-C0703: 11111111 11111111 11111111 11111111
C0704-C0735: 11111111 11111111 11111111 11111111
C0736-C0767: 11111111 11111111 11111111 11111111
C0768-C0799: 11111111 11111111 11111111 11111111
C0800-C0831: 11111111 11111111 11111111 11111111
C0832-C0863: 11111111 11111111 11111111 11111111
C0864-C0895: 11111111 11111111 11111111 11111111
C0896-C0927: 11111111 11111111 11111111 11111111
C0928-C0959: 11111111 11111111 11111111 11111111
C0960-C0991: 11111111 11111111 11111111 11111111
C0992-C1023: 11111111 11111111 11111111 11111111
C1024-C1055: 11111111 11111111 11111111 11111111
C1056-C1087: 11111111 11111111 11111111 11111111
C1088-C1119: 11111111 11111111 11111111 11111111
C1120-C1151: 11111111 11111111 11111111 11111111
C1152-C1183: 11111111 11111111 11111111 11111111
C1184-C1215: 11111111 11111111 11111111 11111111
C1216-C1247: 11111111 11111111 11111111 11111111
C1248-C1279: 11111111 11111111 11111111 11111111
C1280-C1311: 11111111 11111111 11111111 11111111
C1312-C1343: 11111111 11111111 11111111 11111111
C1344-C1375: 11111111 11111111 11111111 11111111
C1376-C1407: 11111111 11111111 11111111 11111111
C1408-C1439: 11111111 11111111 11111111 11111111
C1440-C1471: 11111111 11111111 11111111 11111111
