L: 4
M: 16
N: 16
Q0000-Q0031: 11111111 11111111 11111111 11111111
Q0032-Q0063: 11111111 11111111 11111111 11111111
Q0064-Q0095: 11111111 11111111 11111111 11111111
Q0096-Q0127: 11111111 11111111 11111111 11111111
Q0128-Q0159: 11111111 11111111 11011111 11111111
Q0160-Q0191: 11100111 11111110 11111110 11111111
Q0192-Q0223: 11111111 11111111 11111111 11101111
Q0224-Q0255: 11111111 11111111 11111111 11111111
Q0256-Q0287: 11111111 11111111 11111111 11111111
Q0288-Q0319: 11111111 11111111 11111111 11111111
Q0320-Q0351: 11111111 11111111 11111111 11111111
Q0352-Q0383: 11111111 11110111 11111111 11111111
Q0384-Q0415: 11111111 11111111 11111111 11111111
Q0416-Q0447: 11111111 11111111 11111111 11111111
Q0448-Q0479: 11111111 11111111 11111111 11111111
Q0480-Q0511: 11111111 11111111 11111111 11111111
Q0512-Q0543: 11100111 11111111 11111111 11111111
Q0544-Q0575: 11111111 11111111 11111111 11111111
Q0576-Q0607: 11111111 11111111 11111111 11111111
Q0608-Q0639: 11111111 11111111 11111111 11011111
Q0640-Q0671: 11111111 11111111 11111111 11111111
Q0672-Q0703: 11111111 11111111 11111111 11111111
Q0704-Q0735: 11111111 11111111 11111111 11111111
Q0736-Q0767: 11111111 11111111 11111111 11111011
Q0768-Q0799: 01111111 11111011 11101111 11111111
Q0800-Q0831: 11111111 11111111 11111111 11111111
Q0832-Q0863: 11111111 11111111 11111111 11111111
Q0864-Q0895: 11111111 11111111 11111111 11111111
Q0896-Q0927: 11111011 11111111 11111111 11111111
Q0928-Q0959: 11111111 11111111 11111111 11111111
Q0960-Q0991: 11111111 11111111 11111111 11111110
Q0992-Q1023: 11111111 11111111 11101101 11111111
Q1024-Q1055: 11111111 11111111 11111111 11111111
Q1056-Q1087: 11111111 11111111 11111111 11111111
Q1088-Q1119: 11111111 11111111 11111111 11111111
Q1120-Q1151: 11111111 11111111 11111111 11111111
Q1152-Q1183: 01111111 11111111 11111111 11111111
Q1184-Q1215: 11111111 11111111 11111111 11111111
Q1216-Q1247: 11111111 11111111 11111111 11111111
Q1248-Q1279: 11111111 11111111 11111111 11111111
Q1280-Q1311: 11111011 11111111 11111111 11111111
Q1312-Q1343: 11111111 11111111 11111111 11111111
Q1344-Q1375: 11111111 11111111 11111111 11111111
Q1376-Q1407: 11111111 11111111 11101101 11111111
Q1408-Q1439: 11111111 11111111 11111111 11111111
Q1440-Q1471: 11111111 11111111 11111111 11111111
Q1472-Q1503: 11111111 11111111 11111111 11111111
Q1504-Q1535: 11111111 11111111 11111111 11111111
Q1536-Q1567: 11111111 10111011 11101101 01111111
Q1568-Q1599: 11111111 11111111 11111111 11111111
Q1600-Q1631: 11111111 11111111 11111111 11111111
Q1632-Q1663: 11111111 11111111 11111101 11111101
Q1664-Q1695: 11111111 11111111 11111111 11111111
Q1696-Q1727: 11111111 11111111 11111111 11111111
Q1728-Q1759: 11111111 11111111 11111111 11111111
Q1760-Q1791: 11111111 11111111 11111111 11111111
Q1792-Q1823: 11111011 11111111 11111111 11111111
Q1824-Q1855: 11111111 11111111 11111111 11111111
Q1856-Q1887: 11111011 11111111 11111111 11111111
Q1888-Q1919: 11111111 11111111 11111111 11111111
Q1920-Q1951: 11111111 11101101 11111111 11111111
Q1952-Q1983: 11111111 11111111 11111111 11111111
Q1984-Q2015: 11111111 11111111 11111111 11101101
Q2016-Q2047: 11111111 11111111 11111111 11111111
C0000-C0031: 11111111 11111111 11111111 11111111
C0032-C0063: 11111111 11111111 11111111 11111111
C0064-C0095: 11111111 11111111 11111111 11111111
C0096-C0127: 11111111 11111111 11111111 11111111
C0128-C0159: 11111111 11111111 11111111 11111111
C0160-C0191: 11111111 11111111 11111111 11111111
C0192-C0223: 11111111 11111111 11111111 11111111
C0224-C0255: 11111111 11111111 11111111 11111111
C0256-C0287: 11111111 11111111 11111111 11111111
C0288-C0319: 11111111 00001111 11111111 11111111
C0320-C0351: 01110111 01110000 11101110 11101110
C0352-C0383: 11101110 11101110 11111111 11111111
C0384-C0415: 11111111 11111111 11111111 11111111
C0416-C0447: 11111111 11111111 11111111 11110000
C0448-C0479: 11111111 11111111 11111111 11111111
C0480-C0511: 11111111 11111111 11111111 11111111
C0512-C0543: 11111111 11111111 11111111 11111111
C0544-C0575: 11111111 11111111 11111111 11111111
C0576-C0607: 11111111 11111111 11111111 11111111
C0608-C0639: 11111111 11111111 11111111 11111111
C0640-C0671: 11111111 11111111 11111111 11111111
C0672-C0703: 11111111 11111111 11111111 11111111
C0704-C0735: 11111111 11111111 01110111 01110111
C0736-C0767: 11111111 11111111 11111111 11111111
C0768-C0799: 11111111 11111111 11111111 11111111
C0800-C0831: 11111111 11111111 11111111 11111111
C0832-C0863: 11111111 11111111 11111111 11111111
C0864-C0895: 11111111 11111111 11111111 11111111
C0896-C0927: 11111111 11111111 11111111 11111111
C0928-C0959: 11111111 11111111 11111111 11111111
C0960-C0991: 11111111 11111111 11111111 11111111
C0992-C1023: 11111111 11111111 11111111 11111111
C1024-C1055: 01110111 01110000 11111111 11111111
C1056-C1087: 11111111 11111111 11111111 11111111
C1088-C1119: 11111111 11111111 11111111 11111111
C1120-C1151: 11111111 11111111 11111111 11111111
C1152-C1183: 11111111 11111111 11111111 11111111
C1184-C1215: 11111111 11111111 11111111 11111111
C1216-C1247: 11111111 11111111 11111111 11111111
C1248-C1279: 11111111 11111111 11111111 00001111
C1280-C1311: 11111111 11111111 11111111 11111111
C1312-C1343: 11111111 11111111 11111111 11111111
C1344-C1375: 11111111 11111111 11111111 11111111
C1376-C1407: 11111111 11111111 11111111 11111111
C1408-C1439: 11111111 11111111 11111111 11111111
C1440-C1471: 11111111 11111111 11111111 11111111
C1472-C1503: 11111111 11111111 11111111 11111111
C1504-C1535: 11111111 11111111 10111011 10111011
C1536-C1567: 00001111 11111111 10111011 10111011
C1568-C1599: 11111111 11110000 11111111 11111111
C1600-C1631: 11111111 11111111 11111111 11111111
C1632-C1663: 11111111 11111111 11111111 11111111
C1664-C1695: 11111111 11111111 11111111 11111111
C1696-C1727: 11111111 11111111 11111111 11111111
C1728-C1759: 11111111 11111111 11111111 11111111
C1760-C1791: 11111111 11111111 11111111 11111111
C1792-C1823: 10111011 10111011 11111111 11111111
C1824-C1855: 11111111 11111111 11111111 11111111
C1856-C1887: 11111111 11111111 11111111 11111111
C1888-C1919: 11111111 11111111 11111111 11111111
C1920-C1951: 11111111 11111111 11111111 11111111
C1952-C1983: 11111111 11111111 11101110 11101110
C1984-C2015: 11111111 11111111 11111111 11111111
C2016-C2047: 11011101 11010000 11111111 11111111
C2048-C2079: 11111111 11111111 11111111 11111111
C2080-C2111: 11111111 11111111 11111111 11111111
C2112-C2143: 11111111 11111111 11111111 11111111
C2144-C2175: 11111111 11111111 11111111 11111111
C2176-C2207: 11111111 11111111 11111111 11111111
C2208-C2239: 11111111 11111111 11111111 11111111
C2240-C2271: 11111111 11111111 11111111 11111111
C2272-C2303: 11111111 11111111 11111111 11111111
C2304-C2335: 00001111 11111111 11111111 11111111
C2336-C2367: 11111111 11111111 11111111 11111111
C2368-C2399: 11111111 11111111 11111111 11111111
C2400-C2431: 11111111 11111111 11111111 11111111
C2432-C2463: 11111111 11111111 11111111 11111111
C2464-C2495: 11111111 11111111 11111111 11111111
C2496-C2527: 11111111 11111111 11111111 11111111
C2528-C2559: 11111111 11111111 11111111 11111111
C2560-C2591: 10111011 10111011 11111111 11111111
C2592-C2623: 11111111 11111111 11111111 11111111
C2624-C2655: 11111111 11111111 11111111 11111111
C2656-C2687: 11111111 11111111 11111111 11111111
C2688-C2719: 11111111 11111111 11111111 11111111
C2720-C2751: 11111111 11111111 11111111 11111111
C2752-C2783: 11111111 11111111 11111111 11111111
C2784-C2815: 11011101 11010000 11111111 11111111
C2816-C2847: 11111111 11111111 11111111 11111111
C2848-C2879: 11111111 11111111 11111111 11111111
C2880-C2911: 11111111 11111111 11111111 11111111
C2912-C2943: 11111111 11111111 11111111 11111111
C2944-C2975: 11111111 11111111 11111111 11111111
C2976-C3007: 11111111 11111111 11111111 11111111
C3008-C3039: 11111111 11111111 11111111 11111111
C3040-C3071: 11111111 11111111 11111111 11111111
C3072-C3103: 11111111 11111111 10110000 10111011
C3104-C3135: 11011101 11010000 00001111 11111111
C3136-C3167: 11111111 10111111 11111111 11111111
C3168-C3199: 11111111 11111111 11111111 11111111
C3200-C3231: 11111111 11111111 11111111 11111111
C3232-C3263: 11111111 11111111 11111111 11111111
C3264-C3295: 11111111 11111111 11111111 11111111
C3296-C3327: 11011101 11011101 11011101 11011101
C3328-C3359: 11111111 11111111 11111111 11111111
C3360-C3391: 11111111 11111111 11111111 11111111
C3392-C3423: 11111111 11111111 11111111 11111111
C3424-C3455: 11111111 11111111 11111111 11111111
C3456-C3487: 11111111 11111111 11111111 11111111
C3488-C3519: 11111111 11111111 11111111 11111111
C3520-C3551: 11111111 11111111 11111111 11111111
C3552-C3583: 11111111 11111111 11111111 11111111
C3584-C3615: 10111011 10111011 11111111 11111111
C3616-C3647: 11111111 11111111 11111111 11111111
C3648-C3679: 11111111 11111111 11111111 11111111
C3680-C3711: 11111111 11111111 11111111 11111111
C3712-C3743: 10111011 10111011 11111111 11111111
C3744-C3775: 11111111 11111111 11111111 11111111
C3776-C3807: 11111111 11111111 11111111 11111111
C3808-C3839: 11111111 11111111 11111111 11111111
C3840-C3871: 11111111 11111111 11011101 11010000
C3872-C3903: 11111111 11111111 11111111 11111111
C3904-C3935: 11111111 11111111 11111111 11111111
C3936-C3967: 11111111 11111111 11111111 11111111
C3968-C3999: 11111111 11111111 11111111 11111111
C4000-C4031: 11111111 11111111 11011101 01010000
C4032-C4063: 11111111 11111111 11111111 11111111
C4064-C4095: 11111111 11111111 11111111 11111111
C4096-C4127: 11111111 11111111 11111111 11111111
C4128-C4159: 11111111 11111111 11111111 11111111
C4160-C4191: 11111111 01110110 11001110 11111111
C4192-C4223: 11111111 01111111 11111111 11111111
C4224-C4255: 11111111 11111111 11111111 11111111
C4256-C4287: 11111111 01110111 11111111 11111111
C4288-C4319: 11111111 11111111 11111111 11111111
C4320-C4351: 11111111 11111111 01111111 11111111
C4352-C4383: 11111111 11111111 11111111 11111111
C4384-C4415: 11111111 11111111 11111111 11111111
C4416-C4447: 11111111 11111111 11111111 11111111
C4448-C4479: 11111011 10111011 11111111 11111111
C4480-C4511: 11111111 11110111 11111111 11111111
C4512-C4543: 11111011 11111111 11111111 11111111
C4544-C4575: 11111111 11111110 11101111 11011101
C4576-C4607: 11111111 11111111 11111111 11111111
C4608-C4639: 11111111 11111111 11111111 11111111
C4640-C4671: 11111111 11111111 11111111 11111111
C4672-C4703: 11111111 11111111 11111111 10111111
C4704-C4735: 11111111 11111111 11111111 11111111
C4736-C4767: 11111111 11111101 11011111 11111111
C4768-C4799: 11111111 11111111 11111111 11111111
C4800-C4831: 11111111 11111111 10111001 11011111
C4832-C4863: 11111111 11111111 11111111 11111111
C4864-C4895: 11111101 11011111 11111111 11111111
C4896-C4927: 11111111 11111111 11111111 11111111
C4928-C4959: 11111111 10111111 11111111 11111111
C4960-C4991: 11111011 10111111 11111111 11111111
C4992-C5023: 11111101 11011111 11111111 11111111
C5024-C5055: 11111111 11111101 11011111 11111111
C5056-C5087: 11111111 11011111 11101111 11111111
C5088-C5119: 11111111 11111110 11111111 11111111
C5120-C5151: 11111111 11011111 11101111 01111111
C5152-C5183: 11111111 11111110 11111111 11111111
C5184-C5215: 11111111 11111111 11111111 11111111
C5216-C5247: 11111111 11111111 11111111 11111111
C5248-C5279: 11101111 11111111 11111111 11111111
C5280-C5311: 11111111 11111111 11111111 11111101
C5312-C5343: 11101111 11111111 11111111 11111111
C5344-C5375: 11111111 11111111 11111111 11111101
C5376-C5407: 01111111 11101111 11111111 11111111
C5408-C5439: 11111111 11111111 11111111 11111111
C5440-C5471: 01111111 11101111 11111111 11111111
C5472-C5503: 11111111 11111111 11111111 11101111
C5504-C5535: 11111111 11111111 11111111 11111111
C5536-C5567: 11111111 11111111 11111111 11101111
C5568-C5599: 01111111 11111111 11111111 11111111
C5600-C5631: 11111111 11111111 11111111 11111111
C5632-C5663: 01111111 11111111 11111111 11111111
C5664-C5695: 11111111 11111111 11101111 11101111
C5696-C5727: 11111111 11111111 11111111 11111111
C5728-C5759: 11111111 11111111 11111111 11101111
C5760-C5791: 11111011 11100111 11111111 11111111
C5792-C5823: 11111111 11111111 11111111 11111111
C5824-C5855: 11111011 11100111 11111111 11111111
C5856-C5887: 11111111 11111111 11111111 11111111
C5888-C5919: 11111111 11111111 11111111 11111111
C5920-C5951: 11111111 11111111 11111111 11111111
C5952-C5983: 11111110 11111111 11111111 11111111
C5984-C6015: 11111111 11111110 11111111 11111111
