L: 4
M: 4
N: 4
Q0000-Q0031: 11111111 11111111 11111111 11111111
Q0032-Q0063: 11111111 11111111 11111111 11111111
Q0064-Q0095: 11111111 11111111 11111111 11111111
Q0096-Q0127: 11111111 11111111 11111111 11111111
C0000-C0031: 11111111 11111111 11111111 11111111
C0032-C0063: 11111111 11111111 11111111 11111111
C0064-C0095: 11111111 11111111 11111111 11111111
C0096-C0127: 11111111 11111111 11111111 11111111
C0128-C0159: 11111111 11111111 11111111 11111111
C0160-C0191: 11111111 11111111 11111111 11111111
C0192-C0223: 11111111 11111111 11111111 11111111
C0224-C0255: 11111111 11111111 11111111 11111111
C0256-C0287: 11111111 11111111 11111111 11111111
C0288-C0319: 11111111 11111111 11111111 11111111
C0320-C0351: 11111111 11111111 11111111 11111111
