L: 4
M: 12
N: 12
Q0000-Q0031: 11111111 11111111 11111111 11110111
Q0032-Q0063: 11111111 11111111 11111111 01111101
Q0064-Q0095: 11111111 11111111 11111111 11111111
Q0096-Q0127: 11111111 11111111 11111111 11111111
Q0128-Q0159: 11111111 11111111 11011111 11101111
Q0160-Q0191: 11111111 11111111 11111111 11111111
Q0192-Q0223: 11111111 11111111 01101100 11111111
Q0224-Q0255: 11111111 11111111 11111111 11111110
Q0256-Q0287: 11111011 11111111 11111111 11111111
Q0288-Q0319: 11111111 11111111 11111111 11111111
Q0320-Q0351: 11111111 11111111 11111111 10111111
Q0352-Q0383: 11111111 11111111 11111111 11111111
Q0384-Q0415: 11111111 11111111 11111111 11111111
Q0416-Q0447: 11111111 11111111 11111111 11111111
Q0448-Q0479: 11111111 11111111 11111111 11111111
Q0480-Q0511: 11011001 11111111 11111111 11111111
Q0512-Q0543: 11111111 11111111 11111111 11111111
Q0544-Q0575: 11111111 11111111 11011101 01111011
Q0576-Q0607: 01111011 11010111 10111101 11111111
Q0608-Q0639: 11111111 11111111 11111111 11011111
Q0640-Q0671: 11111111 11111111 11111111 11111111
Q0672-Q0703: 11111111 11111111 11111111 11111111
Q0704-Q0735: 11111111 11101111 11111111 10111111
Q0736-Q0767: 11111111 11111111 11111111 11111111
Q0768-Q0799: 11111111 11111111 11101111 11111111
Q0800-Q0831: 11111111 11111111 11101010 11111111
Q0832-Q0863: 11111111 11011101 11111111 11111111
Q0864-Q0895: 11111111 11111111 11111111 00101111
Q0896-Q0927: 00111111 11111111 11111111 11111111
Q0928-Q0959: 11111110 11111111 11111111 01101111
Q0960-Q0991: 11111111 11111111 10001111 00111111
Q0992-Q1023: 11111111 11111111 11111111 11111111
Q1024-Q1055: 11111111 11111111 11110111 11111111
Q1056-Q1087: 01011011 10111111 11111111 11111111
Q1088-Q1119: 01111111 11011101 11111111 11111111
Q1120-Q1151: 11111111 11111111 11111111 11111111
C0000-C0031: 11111111 11111111 11111111 11111111
C0032-C0063: 11111111 11111111 01110111 01110111
C0064-C0095: 11111111 11111111 11111111 11111111
C0096-C0127: 11111111 11111111 00000101 11011101
C0128-C0159: 11111111 11111111 11111111 11111111
C0160-C0191: 11111111 11111111 11111111 11111111
C0192-C0223: 11111111 11111111 11111111 11111111
C0224-C0255: 11111111 11011111 11111111 10111111
C0256-C0287: 11111111 11111111 11111111 11111111
C0288-C0319: 11111111 00001111 11111111 11110000
C0320-C0351: 11111111 11111111 11111111 11111111
C0352-C0383: 11111111 11111111 11111111 11111111
C0384-C0415: 11111111 11111111 11111111 11101111
C0416-C0447: 00001100 11000000 11111111 11111111
C0448-C0479: 11111111 11111111 11111111 11111111
C0480-C0511: 11111111 11111111 11101110 11101100
C0512-C0543: 10111011 10111011 11111111 11111111
C0544-C0575: 11111111 11111111 11111111 11111111
C0576-C0607: 11111111 11111111 11111111 11111111
C0608-C0639: 11111111 11111111 11111111 11111111
C0640-C0671: 11111111 11111111 11111111 11111111
C0672-C0703: 11111111 11111111 11110000 11111111
C0704-C0735: 11111111 11111111 11111111 11111111
C0736-C0767: 11111111 11111111 11111111 11111111
C0768-C0799: 11111111 11111111 11111111 11111111
C0800-C0831: 11111111 11111111 11111111 11011111
C0832-C0863: 11111111 11111111 11111111 11111111
C0864-C0895: 11111111 11111111 11111111 11111111
C0896-C0927: 11111111 11111111 11111111 11111111
C0928-C0959: 11111111 11111111 11111111 11111111
C0960-C0991: 10011001 00001001 11111111 11111111
C0992-C1023: 11111111 11111111 11111111 11110111
C1024-C1055: 11111111 11111111 11111111 11111111
C1056-C1087: 11111111 11111111 11111111 11111111
C1088-C1119: 11111111 11111111 11111111 11111111
C1120-C1151: 11011101 00001101 00001011 10111011
C1152-C1183: 00001011 10111011 01110111 00000111
C1184-C1215: 11010000 11011101 11101111 11111111
C1216-C1247: 11111111 11111111 11111111 11111111
C1248-C1279: 11111111 11111111 11111111 00001111
C1280-C1311: 11111111 11111111 11111111 11111111
C1312-C1343: 11111111 11111111 11111111 11111111
C1344-C1375: 11111111 11111111 11111111 11111111
C1376-C1407: 11111111 11111111 11111111 11111111
C1408-C1439: 11111111 11111111 11111111 11110000
C1440-C1471: 11111111 11111111 11110000 11111111
C1472-C1503: 11111111 11111111 11111111 11111111
C1504-C1535: 11111111 11111111 11111111 11111111
C1536-C1567: 11111111 11111111 11111111 11111111
C1568-C1599: 11111111 11110000 11111111 11111111
C1600-C1631: 11111111 11111111 11111111 11111111
C1632-C1663: 10101000 10100000 11111111 11111111
C1664-C1695: 11111111 11111111 11011101 00001101
C1696-C1727: 11111111 11111111 11111111 11111111
C1728-C1759: 11111111 11111111 11111111 11111111
C1760-C1791: 11111111 11111111 00000000 11110000
C1792-C1823: 00000000 11111111 11111111 11111011
C1824-C1855: 11111111 11111111 11111111 11111111
C1856-C1887: 11101110 11101110 11111111 11111111
C1888-C1919: 11111111 11111111 00001111 11110000
C1920-C1951: 11111111 11111111 11111111 11111111
C1952-C1983: 11110000 00000000 00000000 11111111
C1984-C2015: 11111111 11111111 11111111 11111111
C2016-C2047: 11111111 11111111 11111111 11111111
C2048-C2079: 11111111 11111111 11111111 11111111
C2080-C2111: 01110111 01110111 11111111 11111111
C2112-C2143: 00001011 00001011 11110000 11111111
C2144-C2175: 11111111 11111111 11111111 11111111
C2176-C2207: 00001111 11111111 11011101 00001101
C2208-C2239: 11111111 11111111 11111111 11111111
C2240-C2271: 11111111 11011111 11111111 11111111
C2272-C2303: 11111111 11111111 11111111 11111111
C2304-C2335: 11111111 01110111 11111111 11011101
C2336-C2367: 11111111 11111111 11111111 11111111
C2368-C2399: 11101111 11111111 11111111 11111100
C2400-C2431: 11001111 11111111 11001010 10111111
C2432-C2463: 11111111 11111111 11111111 11111111
C2464-C2495: 11111111 11111111 11111111 11111111
C2496-C2527: 11111111 11111111 11111111 11111001
C2528-C2559: 11111111 11111111 11111111 11111111
C2560-C2591: 11011001 00110101 11011111 11111111
C2592-C2623: 11111111 11111111 11111111 11111111
C2624-C2655: 11111111 11111111 11111111 11111111
C2656-C2687: 11111111 11111111 11111010 10101111
C2688-C2719: 11011101 11111111 11111111 11111111
C2720-C2751: 11111111 11101110 11111111 11111111
C2752-C2783: 11111111 11111111 11111111 11110111
C2784-C2815: 01111011 11111111 11111101 11011111
C2816-C2847: 11111111 11111111 11111111 11111111
C2848-C2879: 11111111 11010110 11111111 11111111
C2880-C2911: 11111111 01101111 11111111 11011110
C2912-C2943: 11111111 11111111 11111111 01101111
C2944-C2975: 11111111 11111011 11111111 11111111
C2976-C3007: 11111111 11111111 11111111 11111011
C3008-C3039: 11111111 11111111 11011111 11111111
C3040-C3071: 11111111 11111111 11111111 11010111
C3072-C3103: 01011101 10111111 11111111 11111101
C3104-C3135: 11111111 11010111 01111101 10111111
C3136-C3167: 11111110 11111001 11111111 11111111
C3168-C3199: 11111111 11101111 11111110 11101011
C3200-C3231: 11111101 11111111 11111111 11100010
C3232-C3263: 00111111 10001111 11111101 11110110
C3264-C3295: 11111111 10000010 00111111 11111111
C3296-C3327: 11111111 11110110 01011011 10000011
C3328-C3359: 01111101 11111111 11111111 11111110
