L: 4
M: 8
N: 8
Q0000-Q0031: 10111011 11011101 11011011 00001011
Q0032-Q0063: 11011010 11101110 10111111 11101110
Q0064-Q0095: 11000111 11101111 11001111 11111110
Q0096-Q0127: 11111111 11110110 10111111 10011111
Q0128-Q0159: 01101111 11011111 11111110 11111111
Q0160-Q0191: 11111011 01111101 11111111 11111111
Q0192-Q0223: 11101111 11111111 11011111 11111101
Q0224-Q0255: 11010111 11111111 11111011 11111111
Q0256-Q0287: 11111111 01111111 10111111 10111111
Q0288-Q0319: 11111101 11101111 11101111 11001110
Q0320-Q0351: 11011111 11011000 10111110 11111101
Q0352-Q0383: 10111101 11011111 10111110 10111101
Q0384-Q0415: 11111111 11110011 11011101 11101101
Q0416-Q0447: 11110111 11110011 10111101 11101111
Q0448-Q0479: 10111110 11101111 11111111 11100111
Q0480-Q0511: 11111111 00111111 11111011 11111111
C0000-C0031: 10110000 10111001 11011101 00001101
C0032-C0063: 10111011 00001011 00000000 00000000
C0064-C0095: 10101010 00001010 11101110 11100000
C0096-C0127: 11110000 11111111 11101110 11100000
C0128-C0159: 01110111 00000000 11111111 11110000
C0160-C0191: 11111111 00000000 11101110 11101110
C0192-C0223: 11111111 11111111 01100110 01100110
C0224-C0255: 11110000 11111111 11110000 00001111
C0256-C0287: 00001111 01010000 11111101 00001111
C0288-C0319: 11101110 11101110 11111111 11111111
C0320-C0351: 10111011 10111011 00001101 11011101
C0352-C0383: 11111111 11111111 11111111 11111111
C0384-C0415: 11101111 11110000 11111111 11111111
C0416-C0447: 11111111 00001111 11011101 11011101
C0448-C0479: 01110111 00000111 11111111 11111111
C0480-C0511: 10111011 10111011 11111111 11111111
C0512-C0543: 11111111 11111111 00001111 11111111
C0544-C0575: 11110000 11111111 11110000 11111111
C0576-C0607: 11011101 11011101 11111111 11110000
C0608-C0639: 11111111 11110000 11101110 00000000
C0640-C0671: 11111111 00001111 10001000 00001000
C0672-C0703: 11100000 11101110 11011101 11011101
C0704-C0735: 11000000 11001101 11111111 00001111
C0736-C0767: 11100000 11101110 11010000 11011101
C0768-C0799: 11111111 11111111 00110011 00110011
C0800-C0831: 11011101 00001101 11010101 11010000
C0832-C0863: 01110110 01110111 00110011 00110011
C0864-C0895: 11010000 11011101 11111111 11110000
C0896-C0927: 11100000 11101110 11111111 11110000
C0928-C0959: 11111111 11111111 01110111 01110000
C0960-C0991: 11111111 11111111 00000000 11111111
C0992-C1023: 10101001 10111001 11111111 11111111
C1024-C1055: 10011001 10111010 10101110 11100111
C1056-C1087: 11111110 11100110 01101111 11111110
C1088-C1119: 11101011 10011101 11111111 11111101
C1120-C1151: 01010111 10111011 11111111 11111101
C1152-C1183: 11011111 11101000 10001100 11011101
C1184-C1215: 11101100 00110001 11010101 00110001
C1216-C1247: 11011110 10110111 01111111 10111011
C1248-C1279: 10001100 11000000 11011110 10111000
C1280-C1311: 01001100 11001111 11110111 10111001
C1312-C1343: 01101101 11011111 11010111 11111111
C1344-C1375: 11100111 10011011 11011110 11101100
C1376-C1407: 11010101 10111011 10111100 10101000
C1408-C1439: 11011101 10011110 10111101 10111010
C1440-C1471: 10111110 11011110 11110011 10111110
